test,threads,package
TwostageBad,2,SctBench